prompts,temperatures,sampling,retroactive_spans,proactive_spans,num_beams
Once upon a time,1.5,20,20,2,"('typical_p', 0.2)"
"[tensor([0.0663, 0.0015, 0.0000, 0.1689, 0.0000, 0.0129, 0.0000, 0.0000, 0.0000,
        0.0524, 0.0000, 0.0029, 0.0000, 0.0000, 0.0451, 0.0571, 0.0000, 0.0767,
        0.0000, 0.0000, 0.0000, 0.0000, 0.0000, 0.0000, 0.0000, 0.0000, 0.0000,
        0.0751, 0.0000, 0.0000, 0.0000, 0.0387, 0.0000, 0.0000, 0.6305, 0.0444,
        0.0000, 0.0190, 0.0000, 0.0171, 0.0000, 0.0000, 0.1094, 0.0000, 0.0209,
        0.0000, 0.0000, 0.0163, 0.0778, 0.0000, 0.1007, 0.0349, 0.0000, 0.0116,
        0.0825, 0.0000, 0.0000, 0.0000, 0.0672, 0.0000, 0.0164, 0.0000, 0.0000,
        0.0624, 0.0000, 0.0000, 0.0000, 0.0000, 0.0000, 0.1517, 0.0000, 0.0000,
        0.0312, 0.0000, 0.0537, 0.0000, 0.0000, 0.0024, 0.0000, 0.0000, 0.0627,
        0.0000, 0.0000, 0.0498, 0.0000, 0.0000, 0.0030, 0.0000, 0.0000, 0.0000,
        0.0000, 0.0204, 0.0000, 0.0000, 0.0177, 0.0000, 0.0000, 0.0000, 0.0090,
        0.0226, 0.0208, 0.0000, 0.0316, 0.0119, 0.0000, 0.0000, 0.0986, 0.0000,
        0.0365, 0.0000, 0.0000, 0.0623, 0.0000, 0.0000, 0.0494, 0.0000, 0.0000,
        0.0000, 0.0000, 0.0000, 0.0000, 0.0140, 0.1356, 0.0085, 0.0000, 0.0000,
        0.0000, 0.0000, 0.0050, 0.0000, 0.1143, 0.0101, 0.0000, 0.0473, 0.0000,
        0.0998, 0.0000, 0.0158, 0.0000, 0.0000, 0.0000, 0.0404, 0.0066, 0.0000,
        0.0000, 0.0119, 0.0000, 0.1524, 0.0687, 0.0000, 0.0000, 0.0000, 0.0000,
        0.0000, 0.0402, 0.0000, 0.0000, 0.0000, 0.0000, 0.1415, 0.0008, 0.0000,
        0.0454, 0.0181, 0.0000, 0.0000, 0.0000, 0.0000, 0.0481, 0.0202, 0.0000,
        0.0000, 0.0088, 0.0000, 0.0408, 0.0000, 0.0000, 0.0000, 0.0250, 0.0000,
        0.0007, 0.0000, 0.0433, 0.0362, 0.0000, 0.0388, 0.0000, 0.0409, 0.0000,
        0.0000, 0.0623, 0.0000, 0.0000, 0.0000, 0.0000, 0.0000, 0.0802, 0.0000,
        0.0000, 0.0121], device='cuda:0'), tensor([1.7577, 2.1837, 1.3543, 1.3511, 0.3512, 1.7835, 1.0592, 1.9177, 1.2525,
        2.0676, 0.5883, 2.1852, 1.5921, 1.0164, 2.0561, 1.9268, 1.3053, 1.9242,
        0.6495, 0.9965, 0.6223, 0.9206, 1.0955, 0.0752, 0.1493, 1.0878, 1.3112,
        1.0931, 0.5590, 1.6930, 0.6436, 2.0738, 1.4907, 0.6888, 0.4785, 2.0617,
        0.0644, 1.3758, 0.9538, 2.1908, 2.0742, 0.7795, 2.1505, 0.5359, 0.9609,
        1.7576, 1.3169, 1.9373, 1.5815, 0.2288, 1.9164, 2.2907, 0.0755, 1.7402,
        1.7396, 0.0600, 0.1060, 0.0068, 1.9207, 1.5776, 2.1924, 0.3631, 0.2640,
        1.3629, 0.2949, 1.7147, 2.0448, 0.1387, 0.0041, 1.5299, 1.9333, 0.0626,
        2.0725, 1.3816, 2.2852, 2.1964, 0.1819, 1.5997, 1.9084, 1.3176, 1.9273,
        0.1930, 0.3757, 2.2820, 1.5076, 1.0805, 2.0743, 1.5851, 0.1139, 0.6372,
        2.0260, 2.0612, 1.7710, 0.0319, 2.1765, 1.7768, 1.3586, 1.3531, 2.1937,
        2.1933, 2.0747, 0.0056, 1.3390, 2.2937, 0.6777, 0.0364, 0.6883, 0.9447,
        2.0619, 0.4820, 0.4820, 1.9314, 0.4159, 2.0586, 0.6919, 0.2092, 1.5846,
        1.7521, 1.7108, 0.1323, 1.3726, 2.0594, 1.3607, 1.3822, 0.3797, 0.3417,
        0.6903, 0.4704, 1.7828, 0.4529, 1.3648, 2.1894, 0.0923, 2.2812, 0.2910,
        1.8791, 1.5064, 1.7780, 0.1726, 0.0030, 1.0765, 2.0735, 2.1930, 1.2003,
        2.0490, 1.7723, 0.5190, 0.6815, 2.1730, 0.4555, 0.0243, 1.7483, 0.4274,
        0.4274, 2.0709, 1.0540, 0.0097, 1.0788, 1.9314, 1.3496, 2.0678, 1.0606,
        2.0670, 1.7888, 1.8655, 0.2039, 2.1955, 1.7690, 2.0545, 1.3713, 0.2138,
        1.7341, 2.0720, 0.9747, 2.1709, 0.0810, 0.0205, 0.9321, 2.1705, 1.6964,
        2.1900, 1.6033, 2.1741, 1.0958, 1.9174, 2.0612, 0.2002, 1.9343, 0.0140,
        0.9189, 1.7695, 0.5536, 0.0985, 1.5887, 0.0519, 0.0185, 1.5775, 0.3107,
        1.9715, 2.1869], device='cuda:0'), tensor([1.6906e+00, 1.9727e+00, 1.0385e+00, 1.7143e+00, 1.1909e-01, 1.6898e+00,
        7.6202e-01, 1.4905e+00, 7.3361e-01, 2.2179e+00, 3.2176e-01, 1.9974e+00,
        1.3844e+00, 6.3460e-01, 2.1352e+00, 2.0914e+00, 8.9902e-01, 2.2251e+00,
        4.3601e-01, 5.9839e-01, 3.7695e-01, 2.6850e-01, 1.0010e+00, 1.4459e-02,
        3.4873e-02, 9.8658e-01, 8.9558e-01, 1.2571e+00, 2.8371e-01, 1.1165e+00,
        4.2149e-01, 2.2498e+00, 9.4547e-01, 6.0379e-01, 1.6887e+00, 2.0919e+00,
        1.1940e-02, 1.3060e+00, 7.2245e-01, 2.1370e+00, 1.9332e+00, 3.2369e-01,
        2.3433e+00, 2.5779e-01, 8.3157e-01, 1.5579e+00, 8.7263e-01, 1.9080e+00,
        1.5507e+00, 6.2597e-02, 2.1767e+00, 2.2937e+00, 1.4534e-02, 1.5303e+00,
        1.7403e+00, 1.0934e-02, 2.2307e-02, 8.3863e-04, 2.0395e+00, 1.2323e+00,
        2.2213e+00, 1.2569e-01, 7.6938e-02, 1.3919e+00, 9.0729e-02, 1.2114e+00,
        1.5462e+00, 3.1639e-02, 4.7051e-04, 1.7777e+00, 1.7267e+00, 1.1515e-02,
        2.0575e+00, 1.2816e+00, 2.3822e+00, 2.1443e+00, 4.5478e-02, 1.4841e+00,
        1.6023e+00, 1.0663e+00, 2.1468e+00, 4.9334e-02, 9.9149e-02, 2.2130e+00,
        9.4136e-01, 8.9673e-01, 1.9482e+00, 1.4003e+00, 2.4473e-02, 1.8966e-01,
        1.5696e+00, 1.9593e+00, 1.5178e+00, 5.0996e-03, 2.0202e+00, 1.4902e+00,
        1.0696e+00, 1.0813e+00, 2.1603e+00, 2.2417e+00, 2.1292e+00, 6.7388e-04,
        1.1914e+00, 2.2240e+00, 5.3166e-01, 5.9595e-03, 7.9699e-01, 5.4373e-01,
        2.0043e+00, 2.0719e-01, 2.0719e-01, 2.0382e+00, 1.5793e-01, 1.8073e+00,
        7.4385e-01, 5.5161e-02, 1.3812e+00, 1.4905e+00, 1.2464e+00, 2.9750e-02,
        1.1338e+00, 1.8284e+00, 1.6174e+00, 1.3175e+00, 1.3524e-01, 1.1394e-01,
        6.2048e-01, 1.9764e-01, 1.6593e+00, 1.8408e-01, 1.4782e+00, 2.0900e+00,
        1.8721e-02, 2.4883e+00, 8.8939e-02, 1.8453e+00, 1.0789e+00, 1.6352e+00,
        4.2346e-02, 3.3897e-04, 4.8066e-01, 2.1862e+00, 2.0985e+00, 6.8016e-01,
        1.6423e+00, 1.6013e+00, 2.4056e-01, 8.5855e-01, 2.3916e+00, 1.3464e-01,
        3.6949e-03, 1.3057e+00, 1.6571e-01, 1.6571e-01, 2.2855e+00, 8.7038e-01,
        1.2652e-03, 9.6001e-01, 1.6268e+00, 1.4822e+00, 1.9002e+00, 7.7131e-01,
        2.2361e+00, 1.8026e+00, 1.4074e+00, 5.3238e-02, 2.1041e+00, 1.4280e+00,
        2.1078e+00, 1.3191e+00, 5.6863e-02, 1.2927e+00, 1.9926e+00, 6.7515e-01,
        2.1054e+00, 1.5869e-02, 3.0167e-03, 4.8714e-01, 1.9489e+00, 1.3109e+00,
        2.0564e+00, 9.3493e-01, 2.1367e+00, 1.1101e+00, 1.4727e+00, 2.0584e+00,
        5.1904e-02, 1.9620e+00, 1.9286e-03, 2.9764e-01, 1.8483e+00, 2.7734e-01,
        2.0331e-02, 1.3958e+00, 9.1675e-03, 2.6766e-03, 1.5400e+00, 9.8239e-02,
        1.0355e+00, 2.0976e+00], device='cuda:0'), tensor([ 6.7080e-02,  2.1101e-01,  3.1583e-01, -3.6318e-01,  2.3215e-01,
         9.3671e-02,  2.9714e-01,  4.2711e-01,  5.1892e-01, -1.5032e-01,
         2.6653e-01,  1.8776e-01,  2.0776e-01,  3.8183e-01, -7.9129e-02,
        -1.6461e-01,  4.0628e-01, -3.0089e-01,  2.1351e-01,  3.9815e-01,
         2.4535e-01,  6.5209e-01,  9.4437e-02,  6.0712e-02,  1.1442e-01,
         1.0127e-01,  4.1560e-01, -1.6399e-01,  2.7532e-01,  5.7646e-01,
         2.2212e-01, -1.7597e-01,  5.4527e-01,  8.4987e-02, -1.2101e+00,
        -3.0202e-02,  5.2484e-02,  6.9824e-02,  2.3136e-01,  5.3716e-02,
         1.4100e-01,  4.5582e-01, -1.9274e-01,  2.7813e-01,  1.2932e-01,
         1.9970e-01,  4.4425e-01,  2.9281e-02,  3.0811e-02,  1.6623e-01,
        -2.6025e-01, -3.0181e-03,  6.0949e-02,  2.0985e-01, -7.3802e-04,
         4.9048e-02,  8.3645e-02,  5.9377e-03, -1.1882e-01,  3.4530e-01,
        -2.8878e-02,  2.3746e-01,  1.8706e-01, -2.9012e-02,  2.0419e-01,
         5.0330e-01,  4.9862e-01,  1.0706e-01,  3.6039e-03, -2.4770e-01,
         2.0658e-01,  5.1044e-02,  1.4944e-02,  1.0002e-01, -9.6968e-02,
         5.2104e-02,  1.3639e-01,  1.1559e-01,  3.0611e-01,  2.5128e-01,
        -2.1944e-01,  1.4366e-01,  2.7655e-01,  6.8953e-02,  5.6626e-01,
         1.8376e-01,  1.2605e-01,  1.8480e-01,  8.9401e-02,  4.4757e-01,
         4.5641e-01,  1.0194e-01,  2.5320e-01,  2.6837e-02,  1.5638e-01,
         2.8655e-01,  2.8902e-01,  2.7185e-01,  3.3355e-02, -4.8406e-02,
        -5.4485e-02,  4.9193e-03,  1.4756e-01,  6.9668e-02,  1.4605e-01,
         3.0421e-02, -1.0872e-01,  4.0097e-01,  5.7636e-02,  2.7485e-01,
         2.7485e-01, -1.0682e-01,  2.5794e-01,  2.5128e-01, -5.1925e-02,
         1.5401e-01,  2.0342e-01,  2.6159e-01,  4.6443e-01,  1.0259e-01,
         2.3883e-01,  2.3098e-01, -2.5667e-01,  6.4771e-02,  2.4443e-01,
         2.2771e-01,  6.9828e-02,  2.7274e-01,  1.2349e-01,  2.6883e-01,
        -1.1342e-01,  9.9429e-02,  7.3607e-02, -2.0718e-01,  2.0211e-01,
         3.3850e-02,  4.2745e-01,  1.4280e-01,  1.3022e-01,  2.7074e-03,
         5.9581e-01, -1.1266e-01,  9.4478e-02,  5.2018e-01,  4.0666e-01,
         1.7101e-01,  2.7840e-01, -1.7707e-01, -2.1866e-01,  3.2081e-01,
         2.0649e-02,  4.4266e-01,  2.6167e-01,  2.6167e-01, -2.1456e-01,
         1.8359e-01,  8.4361e-03,  1.1878e-01,  3.0459e-01, -1.3261e-01,
         1.6768e-01,  2.8929e-01, -1.6919e-01, -1.3845e-02,  4.5815e-01,
         1.5068e-01,  9.1379e-02,  3.4104e-01, -5.3299e-02,  5.2217e-02,
         1.5691e-01,  4.4144e-01,  7.9333e-02,  2.9958e-01,  6.5462e-02,
         6.5109e-02,  1.7477e-02,  4.4492e-01,  2.2155e-01,  3.8551e-01,
         1.3365e-01,  6.6835e-01,  3.7425e-02, -1.4285e-02,  4.4466e-01,
         2.8102e-03,  1.4832e-01, -2.7718e-02,  1.2042e-02,  6.2126e-01,
        -7.8854e-02,  2.7627e-01,  7.8197e-02,  1.9287e-01,  4.2776e-02,
         1.5829e-02,  3.7510e-02,  2.1248e-01,  9.3602e-01,  8.9277e-02],
       device='cuda:0'), tensor([-1.6906e+00, -1.9727e+00, -1.0385e+00, -1.7143e+00, -1.1909e-01,
        -1.6898e+00, -7.6202e-01, -1.4905e+00, -7.3361e-01, -2.2179e+00,
        -3.2176e-01, -1.9974e+00, -1.3844e+00, -6.3460e-01, -2.1352e+00,
        -2.0914e+00, -8.9902e-01, -2.2251e+00, -4.3601e-01, -5.9839e-01,
        -3.7695e-01, -2.6850e-01, -1.0010e+00, -1.4459e-02, -3.4873e-02,
        -9.8658e-01, -8.9558e-01, -1.2571e+00, -2.8371e-01, -1.1165e+00,
        -4.2149e-01, -2.2498e+00, -9.4547e-01, -6.0379e-01, -1.6887e+00,
        -2.0919e+00, -1.1940e-02, -1.3060e+00, -7.2245e-01, -2.1370e+00,
        -1.9332e+00, -3.2369e-01, -2.3433e+00, -2.5779e-01, -8.3157e-01,
        -1.5579e+00, -8.7263e-01, -1.9080e+00, -1.5507e+00, -6.2597e-02,
        -2.1767e+00, -2.2937e+00, -1.4534e-02, -1.5303e+00, -1.7403e+00,
        -1.0934e-02, -2.2307e-02, -8.3863e-04, -2.0395e+00, -1.2323e+00,
        -2.2213e+00, -1.2569e-01, -7.6938e-02, -1.3919e+00, -9.0729e-02,
        -1.2114e+00, -1.5462e+00, -3.1639e-02, -4.7051e-04, -1.7777e+00,
        -1.7267e+00, -1.1515e-02, -2.0575e+00, -1.2816e+00, -2.3822e+00,
        -2.1443e+00, -4.5478e-02, -1.4841e+00, -1.6023e+00, -1.0663e+00,
        -2.1468e+00, -4.9334e-02, -9.9149e-02, -2.2130e+00, -9.4136e-01,
        -8.9673e-01, -1.9482e+00, -1.4003e+00, -2.4473e-02, -1.8966e-01,
        -1.5696e+00, -1.9593e+00, -1.5178e+00, -5.0996e-03, -2.0202e+00,
        -1.4902e+00, -1.0696e+00, -1.0813e+00, -2.1603e+00, -2.2417e+00,
        -2.1292e+00, -6.7388e-04, -1.1914e+00, -2.2240e+00, -5.3166e-01,
        -5.9595e-03, -7.9699e-01, -5.4373e-01, -2.0043e+00, -2.0719e-01,
        -2.0719e-01, -2.0382e+00, -1.5793e-01, -1.8073e+00, -7.4385e-01,
        -5.5161e-02, -1.3812e+00, -1.4905e+00, -1.2464e+00, -2.9750e-02,
        -1.1338e+00, -1.8284e+00, -1.6174e+00, -1.3175e+00, -1.3524e-01,
        -1.1394e-01, -6.2048e-01, -1.9764e-01, -1.6593e+00, -1.8408e-01,
        -1.4782e+00, -2.0900e+00, -1.8721e-02, -2.4883e+00, -8.8939e-02,
        -1.8453e+00, -1.0789e+00, -1.6352e+00, -4.2346e-02, -3.3897e-04,
        -4.8066e-01, -2.1862e+00, -2.0985e+00, -6.8016e-01, -1.6423e+00,
        -1.6013e+00, -2.4056e-01, -8.5855e-01, -2.3916e+00, -1.3464e-01,
        -3.6949e-03, -1.3057e+00, -1.6571e-01, -1.6571e-01, -2.2855e+00,
        -8.7038e-01, -1.2652e-03, -9.6001e-01, -1.6268e+00, -1.4822e+00,
        -1.9002e+00, -7.7131e-01, -2.2361e+00, -1.8026e+00, -1.4074e+00,
        -5.3238e-02, -2.1041e+00, -1.4280e+00, -2.1078e+00, -1.3191e+00,
        -5.6863e-02, -1.2927e+00, -1.9926e+00, -6.7515e-01, -2.1054e+00,
        -1.5869e-02, -3.0167e-03, -4.8714e-01, -1.9489e+00, -1.3109e+00,
        -2.0564e+00, -9.3493e-01, -2.1367e+00, -1.1101e+00, -1.4727e+00,
        -2.0584e+00, -5.1904e-02, -1.9620e+00, -1.9286e-03, -2.9764e-01,
        -1.8483e+00, -2.7734e-01, -2.0331e-02, -1.3958e+00, -9.1675e-03,
        -2.6766e-03, -1.5400e+00, -9.8239e-02, -1.0355e+00, -2.0976e+00],
       device='cuda:0')]"
"Once upon a time I went out into the streets, with the aim of taking pictures. Not in a photo-sh ooting kind of way; rather in the sense of using photography as an expressive means to process experience, emotion, or insight, in this case by constructing and juxtaposing scenes, motifs, images, or metaphors from disparate domains that together illuminate an insight, emotion, or process in the work at hand. This may entail making unexpected associations and using multiple meanings or double entendre, for instance, so that there will be many different interpretations , each as legitimate as the other, depending on which set of signifiers a reader employs . ""There are, for instance,"" Derrida explains, ""differences in meaning and significance that we would like to think, even today, were differences between East and West."" Such an understanding would ignore that, far from disappearing, East-West distinctions persist. For"
 
I am going to tell you about,2.5,20,20,2,"('top_p', 1.0)"
"[tensor([0.0202, 0.0249, 0.0000, 0.0829, 0.0149, 0.0347, 0.0210, 0.1601, 0.0406,
        0.0000, 0.0000, 0.0606, 0.0000, 0.0000, 0.0000, 0.0035, 0.0778, 0.0716,
        0.0285, 0.0000, 0.0000, 0.0938, 0.0314, 0.0315, 0.0000, 0.0000, 0.1907,
        0.0344, 0.0000, 0.0124, 0.0882, 0.0690, 0.0000, 0.0307, 0.0107, 0.0000,
        0.0667, 0.0199, 0.0773, 0.0296, 0.0000, 0.0575, 0.1035, 0.1024, 0.0501,
        0.1966, 0.0420, 0.0000, 0.0000, 0.0353, 0.0267, 0.0145, 0.0000, 0.1142,
        0.0000, 0.1142, 0.0368, 0.0441, 0.0045, 0.0000, 0.0299, 0.0190, 0.0234,
        0.0000, 0.0393, 0.2710, 0.0000, 0.0000, 0.0000, 0.0000, 0.0633, 0.0482,
        0.0000, 0.0475, 0.0000, 0.0788, 0.0000, 0.0342, 0.0838, 0.0000, 0.0000,
        0.0140, 0.0650, 0.0213, 0.0491, 0.0240, 0.0000, 0.0365, 0.0032, 0.0651,
        0.0393, 0.0189, 0.0000, 0.0053, 0.0606, 0.0347, 0.1512, 0.0043, 0.0247,
        0.0000, 0.0236, 0.0102, 0.0101, 0.0026, 0.0386, 0.1674, 0.0252, 0.0648,
        0.0363, 0.0949, 0.0044, 0.0182, 0.0893, 0.0494, 0.0000, 0.1942, 0.0394,
        0.0858, 0.0672, 0.0652, 0.1510, 0.0226, 0.1232, 0.0368, 0.0141, 0.0000,
        0.0000, 0.0371, 0.0113, 0.0000, 0.0304, 0.0000, 0.0022, 0.0731, 0.0000,
        0.0000, 0.0129, 0.0479, 0.0248, 0.0000, 0.0921, 0.0820, 0.0693, 0.0000,
        0.0000, 0.0000, 0.0464, 0.0541, 0.1133, 0.1474, 0.0000, 0.0125, 0.0000,
        0.0493, 0.0617, 0.0084, 0.0306, 0.0000, 0.0674, 0.0074, 0.0351, 0.0929,
        0.0736, 0.0038, 0.0410, 0.0000, 0.0000, 0.0498, 0.0000, 0.0166, 0.0484,
        0.1243, 0.0000, 0.0346, 0.0000, 0.1721, 0.0304, 0.0189, 0.0000, 0.0000,
        0.0387, 0.0533, 0.0040, 0.0628, 0.0000, 0.0180, 0.0593, 0.0322, 0.0680,
        0.0158, 0.0000, 0.1699, 0.2526, 0.0239, 0.0263, 0.0196, 0.0000, 0.0000,
        0.0329, 0.0000], device='cuda:0'), tensor([3.5670, 3.8689, 3.8252, 3.6842, 3.8953, 3.8354, 3.6047, 3.4833, 3.7537,
        3.3789, 3.4109, 3.7185, 3.1447, 3.5406, 2.7574, 3.6322, 3.5109, 3.5003,
        3.7545, 1.8382, 3.3854, 3.5773, 3.7145, 3.8259, 3.6843, 3.7033, 1.9262,
        3.7801, 3.3016, 3.8504, 3.4103, 3.7387, 3.4329, 3.2668, 3.8137, 3.5434,
        3.7893, 3.8670, 3.4800, 3.8064, 3.3335, 3.4467, 3.6696, 3.6531, 3.6266,
        3.3353, 3.7292, 1.8993, 3.0455, 3.6703, 3.7563, 3.6908, 3.6497, 3.5183,
        3.6034, 3.5112, 3.8197, 3.7575, 3.7533, 2.2556, 3.8005, 3.6934, 3.8532,
        3.0016, 3.6464, 3.1897, 3.7672, 1.2406, 3.5615, 3.2474, 3.6324, 3.7563,
        3.7649, 3.7922, 3.4839, 3.4040, 3.6858, 3.7577, 3.4147, 3.6791, 3.4721,
        3.6888, 3.7363, 3.7077, 3.8002, 3.7236, 3.8753, 3.7941, 3.7237, 3.7745,
        3.3725, 3.8214, 3.5069, 3.6229, 3.6974, 3.7290, 3.6122, 3.8414, 3.8501,
        1.7941, 3.8362, 3.8049, 3.4285, 3.7503, 3.7309, 3.1215, 3.5883, 3.7246,
        3.7852, 3.7095, 3.7372, 3.7039, 3.7020, 3.7047, 1.6636, 3.3833, 3.8183,
        3.4138, 3.7402, 3.6752, 3.4795, 3.7055, 3.1749, 3.6950, 3.8331, 3.6176,
        3.8621, 3.7922, 3.7276, 3.4742, 3.6222, 3.5728, 3.7587, 3.7888, 1.1837,
        0.9227, 3.8434, 3.6826, 3.1657, 3.5608, 3.6444, 3.1997, 3.6607, 3.7562,
        1.5358, 3.6387, 3.7976, 3.7425, 1.9404, 3.3288, 3.5768, 3.6906, 3.5176,
        3.7446, 3.6619, 2.2169, 3.7499, 3.5869, 3.6656, 3.7541, 3.7979, 3.2833,
        3.7120, 3.6639, 3.7396, 1.0288, 0.8376, 3.7538, 3.2456, 3.8519, 3.6696,
        3.3771, 3.6601, 3.8012, 2.6527, 3.3782, 3.7628, 3.8649, 3.4941, 3.8153,
        3.7431, 3.4861, 3.8442, 3.5584, 3.6828, 3.6053, 3.7895, 3.7101, 3.7398,
        3.6120, 2.8870, 3.3792, 3.1805, 3.5419, 3.8120, 3.8206, 3.7717, 3.7046,
        3.7874, 3.3928], device='cuda:0'), tensor([2.5090, 4.0481, 2.8702, 3.7054, 3.8342, 4.1345, 2.4695, 4.3633, 3.4864,
        1.3329, 1.6716, 4.0068, 1.6524, 2.1714, 0.8179, 2.6285, 3.2398, 2.8003,
        3.3891, 0.5622, 1.7059, 3.1630, 3.3999, 3.7648, 2.1497, 2.1014, 1.3019,
        3.4087, 1.4056, 3.3367, 2.7686, 3.4861, 1.7080, 2.2094, 3.2496, 2.1202,
        3.6466, 3.6082, 3.0053, 3.2596, 1.4226, 2.3988, 3.5554, 3.6023, 2.5618,
        3.4046, 3.5741, 0.4045, 1.2632, 3.0981, 3.5351, 2.9452, 2.0214, 3.7327,
        1.9432, 4.2172, 3.5630, 3.1780, 2.5578, 0.9633, 3.7804, 2.8652, 3.6455,
        1.2010, 2.8735, 3.7846, 2.8695, 0.2244, 1.7996, 1.3094, 3.6893, 3.4522,
        2.4348, 3.8114, 1.9746, 2.5296, 2.4531, 3.4005, 2.2418, 2.4883, 1.9167,
        2.7263, 3.5966, 3.0118, 3.9222, 2.7506, 3.2689, 3.4041, 2.6242, 4.0235,
        2.0729, 3.5906, 2.0629, 2.7387, 3.0684, 3.3445, 3.8192, 3.2232, 3.4698,
        0.9466, 3.2884, 3.0771, 2.2778, 2.7849, 3.4052, 3.4552, 2.3057, 3.8390,
        3.9927, 3.7374, 2.8816, 3.0731, 3.1754, 3.4992, 0.3508, 3.5513, 3.8498,
        3.2478, 3.6079, 3.1907, 2.9950, 2.8540, 2.1075, 3.1731, 3.2489, 2.3393,
        3.1039, 3.6253, 2.9708, 1.9835, 2.7259, 1.9961, 2.7518, 4.1062, 0.2157,
        0.1503, 3.4252, 3.2426, 1.8313, 2.2795, 3.6643, 2.2060, 3.1808, 2.6577,
        0.2967, 2.4156, 3.6901, 3.8051, 1.1279, 3.5709, 1.9792, 2.7267, 1.9359,
        3.8823, 2.8415, 1.4281, 3.5070, 2.2122, 3.2867, 2.8056, 3.4713, 2.5849,
        3.9033, 2.4643, 3.4208, 0.1711, 0.1305, 3.8815, 1.4334, 3.8563, 3.1268,
        2.4791, 2.2978, 3.6447, 1.1278, 2.6237, 2.8658, 3.7433, 1.5813, 2.6899,
        3.8419, 2.8168, 3.1998, 3.4866, 2.4691, 2.4019, 4.2851, 3.4296, 3.5204,
        2.6569, 0.9515, 3.0282, 3.1651, 2.2757, 3.2209, 3.5244, 2.6282, 2.4264,
        3.6780, 1.8196], device='cuda:0'), tensor([ 1.0580, -0.1792,  0.9550, -0.0212,  0.0610, -0.2991,  1.1352, -0.8800,
         0.2673,  2.0460,  1.7394, -0.2882,  1.4923,  1.3692,  1.9395,  1.0037,
         0.2711,  0.7000,  0.3654,  1.2760,  1.6795,  0.4143,  0.3145,  0.0611,
         1.5346,  1.6019,  0.6243,  0.3714,  1.8960,  0.5137,  0.6417,  0.2526,
         1.7248,  1.0575,  0.5641,  1.4233,  0.1427,  0.2588,  0.4747,  0.5468,
         1.9108,  1.0479,  0.1142,  0.0508,  1.0648, -0.0693,  0.1551,  1.4948,
         1.7823,  0.5722,  0.2212,  0.7456,  1.6283, -0.2144,  1.6602, -0.7060,
         0.2567,  0.5795,  1.1955,  1.2923,  0.0201,  0.8281,  0.2076,  1.8006,
         0.7728, -0.5949,  0.8976,  1.0162,  1.7619,  1.9381, -0.0569,  0.3041,
         1.3301, -0.0192,  1.5093,  0.8743,  1.2327,  0.3573,  1.1729,  1.1908,
         1.5554,  0.9625,  0.1397,  0.6959, -0.1220,  0.9730,  0.6064,  0.3899,
         1.0995, -0.2490,  1.2996,  0.2308,  1.4440,  0.8843,  0.6290,  0.3845,
        -0.2069,  0.6182,  0.3804,  0.8475,  0.5478,  0.7278,  1.1507,  0.9653,
         0.3257, -0.3337,  1.2826, -0.1145, -0.2075, -0.0279,  0.8556,  0.6308,
         0.5265,  0.2056,  1.3129, -0.1680, -0.0315,  0.1660,  0.1323,  0.4845,
         0.4845,  0.8515,  1.0674,  0.5219,  0.5841,  1.2782,  0.7582,  0.1669,
         0.7568,  1.4907,  0.8963,  1.5767,  1.0068, -0.3174,  0.9680,  0.7724,
         0.4183,  0.4400,  1.3344,  1.2813, -0.0199,  0.9937,  0.4799,  1.0985,
         1.2391,  1.2231,  0.1075, -0.0626,  0.8126, -0.2422,  1.5976,  0.9639,
         1.5817, -0.1377,  0.8203,  0.7888,  0.2428,  1.3747,  0.3789,  0.9485,
         0.3266,  0.6985, -0.1913,  1.1996,  0.3188,  0.8576,  0.7071, -0.1277,
         1.8122, -0.0044,  0.5428,  0.8980,  1.3623,  0.1565,  1.5250,  0.7545,
         0.8970,  0.1215,  1.9129,  1.1254, -0.0988,  0.6693,  0.6445,  0.0718,
         1.2136,  1.2033, -0.4957,  0.2805,  0.2194,  0.9551,  1.9355,  0.3511,
         0.0154,  1.2662,  0.5911,  0.2962,  1.1435,  1.2782,  0.1094,  1.5732],
       device='cuda:0'), tensor([-2.5090, -4.0481, -2.8702, -3.7054, -3.8342, -4.1345, -2.4695, -4.3633,
        -3.4864, -1.3329, -1.6716, -4.0068, -1.6524, -2.1714, -0.8179, -2.6285,
        -3.2398, -2.8003, -3.3891, -0.5622, -1.7059, -3.1630, -3.3999, -3.7648,
        -2.1497, -2.1014, -1.3019, -3.4087, -1.4056, -3.3367, -2.7686, -3.4861,
        -1.7080, -2.2094, -3.2496, -2.1202, -3.6466, -3.6082, -3.0053, -3.2596,
        -1.4226, -2.3988, -3.5554, -3.6023, -2.5618, -3.4046, -3.5741, -0.4045,
        -1.2632, -3.0981, -3.5351, -2.9452, -2.0214, -3.7327, -1.9432, -4.2172,
        -3.5630, -3.1780, -2.5578, -0.9633, -3.7804, -2.8652, -3.6455, -1.2010,
        -2.8735, -3.7846, -2.8695, -0.2244, -1.7996, -1.3094, -3.6893, -3.4522,
        -2.4348, -3.8114, -1.9746, -2.5296, -2.4531, -3.4005, -2.2418, -2.4883,
        -1.9167, -2.7263, -3.5966, -3.0118, -3.9222, -2.7506, -3.2689, -3.4041,
        -2.6242, -4.0235, -2.0729, -3.5906, -2.0629, -2.7387, -3.0684, -3.3445,
        -3.8192, -3.2232, -3.4698, -0.9466, -3.2884, -3.0771, -2.2778, -2.7849,
        -3.4052, -3.4552, -2.3057, -3.8390, -3.9927, -3.7374, -2.8816, -3.0731,
        -3.1754, -3.4992, -0.3508, -3.5513, -3.8498, -3.2478, -3.6079, -3.1907,
        -2.9950, -2.8540, -2.1075, -3.1731, -3.2489, -2.3393, -3.1039, -3.6253,
        -2.9708, -1.9835, -2.7259, -1.9961, -2.7518, -4.1062, -0.2157, -0.1503,
        -3.4252, -3.2426, -1.8313, -2.2795, -3.6643, -2.2060, -3.1808, -2.6577,
        -0.2967, -2.4156, -3.6901, -3.8051, -1.1279, -3.5709, -1.9792, -2.7267,
        -1.9359, -3.8823, -2.8415, -1.4281, -3.5070, -2.2122, -3.2867, -2.8056,
        -3.4713, -2.5849, -3.9033, -2.4643, -3.4208, -0.1711, -0.1305, -3.8815,
        -1.4334, -3.8563, -3.1268, -2.4791, -2.2978, -3.6447, -1.1278, -2.6237,
        -2.8658, -3.7433, -1.5813, -2.6899, -3.8419, -2.8168, -3.1998, -3.4866,
        -2.4691, -2.4019, -4.2851, -3.4296, -3.5204, -2.6569, -0.9515, -3.0282,
        -3.1651, -2.2757, -3.2209, -3.5244, -2.6282, -2.4264, -3.6780, -1.8196],
       device='cuda:0')]"
"I am going to tell you about my little sister called Rupa-kun. Let me tell you about what I've been seeing, how I'm going to handle the rest of this case. The way you look at things now and how things used to be is just so different to me... and you're like my big sister or aunty or something! But I wish I had a little brother or sister like him! Just to the share my experiences and everything with, like!"" But she's too young, I told you, the first year of the school's been tough and now it seems to me the school is just too hard for her. She isn't getting good marks, either, in spite of her good aptitudes on the tests. You're sure she has the capacity, yet you don't let her make her way. Instead, she is made to feel bad and guilty by you, about a whole lot of different issues, but not about the thing that"
 
